% data read from the video file

video_ramp_x = [1920,1.332181415929204e+03,6.965176991150443e+02,6.965176991150443e+02,0];
video_ramp_y = [6.543857421875000e+02,6.543857421875000e+02,3.863017578125000e+02,6.543857421875000e+02,6.543857421875000e+02];

ramp_x = video_ramp_x * (420/1920);
ramp_y = (690 - video_ramp_y) * (150/690); 

video_path_x = [1705.66129032258;1719.59677419355;1736.62903225806;1748.24193548387;1762.17741935484;1773.01612903226;1785.40322580645;1783.08064516129;1778.43548387097;1771.46774193548;1758.30645161290;1752.88709677419;1737.40322580645;1714.17741935484;1683.98387096774;1635.98387096774;1587.20967741936;1518.30645161290;1447.85483870968;1361.14516129032;1282.95161290323;1194.69354838710;1108.75806451613;998.822580645162;904.370967741936;812.241935483871;706.951612903226;607.854838709678;500.241935483871;404.241935483871;301.274193548387;199.854838709678;97.6612903225807;4.75806451612908];
video_path_y = [465.930755395684;477.116007194245;498.243705035971;519.371402877698;520.614208633094;515.642985611511;513.157374100720;499.486510791367;508.186151079137;504.457733812950;511.914568345324;521.857014388489;531.799460431655;538.013489208633;540.198741007194;543.412769784173;541.984712230216;536.770683453238;525.585431654676;514.400179856115;492.029676258993;467.173561151079;432.375000000000;392.605215827338;337.921762589928;263.353417266187;182.571043165468;119.187949640288;91.8462230215828;110.488309352518;182.571043165468;279.509892086331;370.234712230216;414.975719424461];

path_x = video_path_x * (420/1920);
path_y = (690 - video_path_y) * (150/690); 

path_t = [0.0330000000000000,0.200000000000000,0.366000000000000,0.533000000000000,0.700000000000000,0.866000000000000,1.03300000000000,1.20000000000000,1.36600000000000,1.53300000000000,1.70000000000000,1.86600000000000,2.03300000000000,2.20000000000000,2.36600000000000,2.53300000000000,2.70000000000000,2.86600000000000,3.03300000000000,3.20000000000000,3.36600000000000,3.53300000000000,3.70000000000000,3.86600000000000,4.03300000000000,4.20000000000000,4.36600000000000,4.53300000000000,4.70000000000000,4.86600000000000,5.03300000000000,5.20000000000000,5.36600000000000,5.53300000000000];

setpoint = 35;
set_y = ramp_y + setpoint;
video_set_y = - set_y * (690/150) + 690;