% alt_cm    rx_throttle     min     max     output  elapsed_time

data = [60.30	1000	999	1000	1000.00	200;
58.26	1000	999	1000	1000.00	205;
58.99	1000	999	1000	1000.00	205;
59.49	1000	999	1000	1000.00	206;
59.88	1000	999	1000	1000.00	205;
59.88	1004	1003	1004	1003.00	205;
60.00	1000	999	1000	1000.00	206;
59.50	1000	999	1000	1000.00	205;
59.50	1000	999	1000	1000.00	200;
59.96	1000	999	1000	1000.00	205;
58.81	1000	999	1000	1000.00	205;
58.93	1004	1003	1004	1003.00	205;
59.99	1000	999	1000	1000.00	200;
58.64	1000	999	1000	1000.00	205;
59.85	1000	999	1000	1000.00	206;
59.20	1000	999	1000	1000.00	205;
59.60	1000	999	1000	1000.00	200;
59.72	1000	999	1000	1000.00	206;
59.99	1000	999	1000	1000.00	205;
59.14	1000	999	1000	1000.00	205;
59.99	1004	1003	1004	1003.00	200;
59.90	1000	999	1000	1000.00	200;
59.93	1000	999	1000	1000.00	204;
59.99	1004	1003	1004	1003.00	200;
60.00	1000	999	1000	1000.00	206;
59.40	1004	1003	1004	1003.00	206;
59.44	1000	999	1000	999.00	205;
59.99	1000	999	1000	1000.00	205;
59.83	1004	1003	1004	1003.00	200;
59.57	1004	1003	1004	1003.00	205;
59.42	1000	999	1000	1000.00	200;
60.00	1000	999	1000	1000.00	205;
57.00	1000	999	1000	1000.00	200;
58.09	1000	999	1000	1000.00	205;
59.03	1000	999	1000	1000.00	206;
60.00	1000	999	1000	1000.00	205;
59.68	1004	999	1000	1000.00	200;
59.81	1000	999	1000	1000.00	206;
59.60	1000	999	1000	1000.00	200;
59.99	1000	999	1000	1000.00	204;
58.69	1004	1003	1004	1004.00	200;
59.87	1000	999	1000	1000.00	200;
58.92	1000	999	1000	1000.00	206;
59.90	1004	1003	1004	1004.00	204;
59.87	1000	999	1000	1000.00	200;
60.00	1004	1003	1004	1004.00	200;
59.99	1000	999	1000	1000.00	205;
59.90	1000	999	1000	1000.00	205;
59.64	1000	999	1000	1000.00	200;
59.58	1000	999	1000	1000.00	205;
60.00	1000	999	1000	1000.00	200;
58.30	1000	1003	1004	1003.00	205;
59.49	1000	999	1000	1000.00	206;
59.44	1000	999	1000	1000.00	205;
59.60	1004	1003	1004	1003.00	200;
59.71	1000	999	1000	1000.00	206;
59.39	1004	1003	1004	1003.00	205;
59.99	1000	999	1000	1000.00	205;
59.91	1004	1003	1004	1003.00	200;
59.38	1000	999	1000	1000.00	205;
59.53	1000	999	1000	1000.00	205;
59.32	1004	1003	1004	1004.00	200;
58.62	1000	999	1000	1000.00	205;
59.70	1004	1003	1004	1003.00	200;
57.92	1000	999	1000	1000.00	205;
58.29	1000	999	1000	1000.00	206;
60.00	1004	1003	1004	1003.00	206;
58.72	1092	1050	1142	1050.00	206;
58.31	1092	1050	1142	1086.76	205;
59.79	1088	1050	1138	1071.56	206;
59.29	1088	1050	1138	1100.61	205;
59.87	1092	1050	1142	1093.51	200;
59.12	1088	1050	1138	1093.16	205;
60.00	1092	1050	1142	1088.21	200;
58.42	1088	1050	1138	1084.60	205;
58.48	1092	1050	1142	1085.83	200;
58.50	1092	1050	1142	1089.42	205;
58.84	1088	1050	1138	1099.75	200;
58.96	1084	1050	1134	1088.54	205;
59.98	1088	1050	1138	1087.69	205;
59.74	1092	1050	1142	1090.13	200;
60.00	1092	1050	1142	1089.78	206;
59.94	1092	1050	1142	1092.08	205;
60.00	1092	1050	1142	1089.95	206;
60.00	1092	1050	1142	1090.08	205;
58.96	1088	1050	1138	1083.47	200;
59.80	1088	1050	1138	1087.52	206;
59.40	1092	1050	1142	1092.82	205;
59.05	1092	1050	1142	1100.96	206;
60.00	1088	1050	1138	1089.37	205;
59.91	1088	1050	1138	1091.94	200;
58.98	1092	1050	1142	1089.66	206;
59.12	1088	1050	1138	1103.65	205;
59.95	1092	1050	1142	1072.82	206;
59.86	1104	1054	1154	1092.42	205;
60.00	1240	1190	1290	1231.32	200;
59.03	1268	1218	1318	1257.73	205;
59.80	1272	1222	1322	1261.48	206;
59.93	1340	1290	1390	1330.77	206;
60.00	1372	1322	1422	1361.97	205;
59.17	1412	1362	1462	1395.04	200;
60.00	1408	1358	1458	1400.64	205;
58.38	1408	1358	1458	1421.11	200;
59.41	1408	1358	1458	1407.40	205;
56.74	1420	1370	1470	1437.06	200;
57.03	1416	1366	1466	1412.84	205;
52.56	1440	1390	1490	1433.08	201;
55.94	1440	1390	1490	1412.23	200;
53.45	1448	1398	1498	1441.36	201;
49.32	1448	1398	1498	1462.38	200;
42.48	1448	1398	1498	1480.54	201;
36.30	1448	1398	1498	1498.00	200;
33.30	1452	1402	1502	1498.00	205;
77.84	1448	1398	1498	1398.00	201;
49.77	1448	1398	1498	1498.00	201;
59.80	1452	1402	1502	1418.39	200;
75.38	1448	1398	1498	1398.00	205;
89.42	1448	1398	1498	1402.00	200;
89.10	1448	1398	1498	1411.51	200;
101.66	1448	1398	1498	1398.00	200;
97.87	1448	1398	1498	1404.86	205;
89.86	1448	1398	1498	1498.00	200;
88.17	1448	1398	1498	1409.28	201;
79.36	1448	1398	1498	1482.24	205;
76.77	1448	1398	1498	1454.77	201;
70.10	1448	1398	1498	1443.65	200;
68.09	1452	1402	1502	1417.63	206;
66.54	1448	1398	1498	1435.50	205;
66.33	1448	1398	1498	1444.69	200;
65.57	1448	1398	1498	1469.91	200;
65.41	1448	1398	1498	1427.23	206;
69.03	1448	1398	1498	1423.20	205;
63.80	1448	1398	1498	1482.52	200;
71.92	1448	1398	1498	1402.00	200;
61.10	1452	1402	1502	1498.00	206;
71.87	1448	1398	1498	1402.00	205;
63.02	1448	1398	1498	1498.00	200;
59.39	1448	1398	1498	1456.04	200;
59.58	1448	1398	1498	1448.91	206;
55.09	1448	1398	1498	1472.58	205;
55.28	1448	1398	1498	1469.52	201;
53.66	1448	1398	1498	1454.65	201;
50.34	1448	1398	1498	1468.77	200;
50.14	1456	1406	1506	1459.34	205;
50.51	1456	1406	1506	1466.38	200;
50.43	1460	1410	1510	1466.71	200;
48.95	1460	1410	1510	1494.52	206;
50.52	1460	1410	1510	1464.93	200;
53.64	1460	1410	1510	1446.79	200;
54.51	1460	1410	1510	1426.77	201;
53.13	1460	1410	1510	1462.20	200;
52.51	1460	1410	1510	1463.21	201;
51.55	1456	1406	1506	1455.70	201;
52.88	1464	1414	1514	1482.70	200;
54.51	1460	1410	1510	1457.96	201;
58.26	1460	1410	1510	1422.39	200;
60.46	1460	1410	1510	1434.44	200;
60.13	1460	1410	1510	1451.63	205;
56.60	1460	1410	1510	1482.93	200;
57.71	1464	1414	1514	1447.68	200;
59.13	1464	1414	1514	1462.26	206;
57.22	1460	1410	1510	1454.58	205;
56.23	1460	1410	1510	1463.08	200;
57.79	1460	1410	1510	1450.14	200;
56.36	1460	1410	1510	1456.46	206;
54.76	1460	1410	1510	1484.44	200;
54.03	1464	1414	1514	1477.28	200;
53.02	1460	1410	1510	1466.15	202;
52.43	1460	1410	1510	1468.38	207;
53.93	1460	1410	1510	1437.41	200;
52.16	1464	1414	1514	1469.37	201;
51.04	1460	1410	1510	1478.09	201;
49.19	1460	1410	1510	1476.15	205;
48.52	1460	1410	1510	1448.01	202;
56.58	1464	1414	1514	1414.00	200;
54.34	1460	1410	1510	1484.32	201;
55.69	1460	1410	1510	1463.77	200;
57.07	1464	1414	1514	1461.85	200;
57.63	1460	1410	1510	1457.21	200;
56.03	1460	1410	1510	1473.70	206;
55.07	1460	1410	1510	1440.22	200;
56.20	1460	1410	1510	1456.29	200;
53.97	1460	1410	1510	1485.11	201;
54.66	1456	1406	1506	1432.68	200;
51.61	1464	1414	1514	1468.78	201;
51.12	1460	1410	1510	1460.36	206;
51.66	1460	1410	1510	1466.77	207;
51.26	1460	1410	1510	1465.02	200;
52.00	1464	1414	1514	1452.08	201;
54.98	1464	1414	1514	1420.28	201;
53.87	1464	1414	1514	1470.44	200;
55.74	1464	1414	1514	1434.99	201;
55.66	1468	1418	1518	1492.58	200;
56.09	1464	1414	1514	1460.39	201;
55.86	1464	1414	1514	1485.40	200;
57.30	1464	1414	1514	1450.08	200;
58.80	1468	1418	1518	1449.90	206;
59.99	1464	1414	1514	1441.04	206;
61.69	1464	1414	1514	1449.40	205;
58.73	1464	1414	1514	1514.00	200;
57.42	1464	1414	1514	1475.01	206;
55.55	1464	1414	1514	1484.01	200;
53.08	1464	1414	1514	1493.71	200;
51.62	1464	1414	1514	1467.29	201;
50.74	1464	1414	1514	1475.04	205;
53.79	1460	1410	1510	1443.16	200;
55.68	1444	1394	1494	1444.75	201;
52.28	1444	1394	1494	1486.44	201;
53.59	1364	1314	1414	1414.00	201;
54.15	1092	1050	1142	1142.00	200;
55.02	1084	1050	1134	1134.00	200;
44.29	1092	1050	1142	1138.00	200;
39.01	1088	1050	1142	1142.00	200;
38.87	1084	1050	1134	1078.72	200;
53.58	1092	1050	1142	1134.00	200;
51.80	1088	1050	1138	1138.00	200;
58.09	1088	1050	1138	1130.00	200;
57.93	1088	1050	1138	1138.00	206;
57.40	1092	1050	1142	1138.00	205;
57.78	1092	1050	1142	1138.00	206;
57.84	1092	1050	1142	1138.00	205;
57.13	1092	1050	1142	1138.00	200;
57.22	1088	1050	1138	1138.00	200;
57.05	1092	1050	1142	1142.00	206;
57.68	1088	1050	1138	1138.00	205;
57.83	1088	1050	1138	1138.00	205;
57.25	1088	1050	1142	1138.00	200;
